
Torque and Flux Linkages of Each Phase Windage vs. Torque Angle


Angle[deg]	Torque[Nm]		Flux A[Wb]		Flux B[Wb]		Flux C[Wb]
0,		0.00328952741373812,	0.008959362403611861,	-0.00449695291959616,	-0.00449288919998342
15,		-0.01908961370366969,	0.008863361745807843,	-0.006644034020440448,	-0.00224799183399379
30,		-0.001483533510477014,	0.008303655777362031,	-0.008305256418836728,	1.272792427454029e-006
45,		0.01613168219467337,	0.006643656684630584,	-0.00886056161100298,	0.002245083110708208
60,		-0.004375018569967284,	0.004495422764296749,	-0.008957921708231547,	0.004492501989155417
75,		-0.01885596190059525,	0.002246489104863747,	-0.008860630495382903,	0.006642492757431049
90,		-0.00283877659436789,	8.632287387326347e-007,	-0.008301964222626225,	0.008301152405513788
105,		0.01415720455840078,	-0.002245979212309446,	-0.006644941475817748,	0.008862496000352481
120,		-0.005368356609872272,	-0.004494170475757176,	-0.004495840367895738,	0.008959941934284236
135,		-0.01699149427898336,	-0.006643313644567338,	-0.002245565384825257,	0.008860673183201589
150,		0.001351330096224152,	-0.008302671521281821,	-2.359298119267508e-006,	0.008305388676472531
165,		0.01887392587697646,	-0.008862687728234705,	0.002246494956229995,	0.006644845923323015
180,		0.003917810275561541,	-0.008956053788394976,	0.004492575861429133,	0.004493755552953435
